              precision    recall  f1-score   support

       광선각화증     0.9718    0.9857    0.9787        70
       기저세포암     0.9859    1.0000    0.9929        70
         보웬병     1.0000    0.9857    0.9928        70
         사마귀     1.0000    0.9857    0.9928        70
       지루각화증     1.0000    0.9857    0.9928        70
       편평세포암     1.0000    1.0000    1.0000        70
        표피낭종     1.0000    1.0000    1.0000        70
       피부섬유종     1.0000    1.0000    1.0000        70
         혈관종     1.0000    1.0000    1.0000        70
         흑색점     0.9859    1.0000    0.9929        70

    accuracy                         0.9943       700
   macro avg     0.9944    0.9943    0.9943       700
weighted avg     0.9944    0.9943    0.9943       700
